# DESCRIPTION: Verilator output: Timestamp data for --skip-identical.  Delete at will.
C "-f fusesoc_pcie_dllp_receive_1.0.0.vc /home/MSUCAP/idris.somoye/.local/lib/python3.10/site-packages/cocotb/share/lib/verilator/verilator.cpp"
T      6576 22168476  1748830742   807183192  1748830742   807183192 "./Vtop.cpp"
T      4251 22168475  1748830742   806205933  1748830742   806205933 "./Vtop.h"
T      2107 22168483  1748830742   857352565  1748830742   857352565 "./Vtop.mk"
T      1730 22168104  1748830742   804982658  1748830742   804982658 "./Vtop__ConstPool_0.cpp"
T       669 22168474  1748830742   803457994  1748830742   803457994 "./Vtop__Dpi.cpp"
T       520 22168473  1748830742   802731324  1748830742   802731324 "./Vtop__Dpi.h"
T    229296 22168471  1748830742   801104056  1748830742   801104056 "./Vtop__Syms.cpp"
T      5168 22168472  1748830742   802150105  1748830742   802150105 "./Vtop__Syms.h"
T     84902 22168481  1748830742   855556351  1748830742   855556351 "./Vtop__Trace__0.cpp"
T    178007 22168202  1748830742   852678334  1748830742   852678334 "./Vtop__Trace__0__Slow.cpp"
T     91541 22168327  1748830742   809964262  1748830742   809964262 "./Vtop___024root.h"
T      2706 22168479  1748830742   821514370  1748830742   821514370 "./Vtop___024root__DepSet_h84412442__0.cpp"
T      2009 22168330  1748830742   814364680  1748830742   814364680 "./Vtop___024root__DepSet_h84412442__0__Slow.cpp"
T   1222848 22168331  1748830742   842524301  1748830742   842524301 "./Vtop___024root__DepSet_heccd7ead__0.cpp"
T    111190 22168478  1748830742   817413209  1748830742   817413209 "./Vtop___024root__DepSet_heccd7ead__0__Slow.cpp"
T      5653 22168480  1748830742   843393478  1748830742   843393478 "./Vtop___024root__DepSet_heccd7ead__1.cpp"
T     18078 22168329  1748830742   813107950  1748830742   813107950 "./Vtop___024root__Slow.cpp"
T      1815 22168484  1748830742   858136353  1748830742   858136353 "./Vtop__ver.d"
T         0        0  1748830742   858753724  1748830742   858753724 "./Vtop__verFiles.dat"
T      1949 22168482  1748830742   856548636  1748830742   856548636 "./Vtop_classes.mk"
T      1460 22168477  1748830742   811833069  1748830742   811833069 "./Vtop_pcie_datalink_pkg.h"
T       529 22168201  1748830742   846864461  1748830742   846864461 "./Vtop_pcie_datalink_pkg__DepSet_ha8939c09__0__Slow.cpp"
T      1587 22168333  1748830742   846082272  1748830742   846082272 "./Vtop_pcie_datalink_pkg__Slow.cpp"
T       993 22168328  1748830742   811021829  1748830742   811021829 "./Vtop_pcie_phy_pkg.h"
T      1724 22168332  1748830742   845283188  1748830742   845283188 "./Vtop_pcie_phy_pkg__DepSet_h99cb731e__0__Slow.cpp"
T       772 22168200  1748830742   844292229  1748830742   844292229 "./Vtop_pcie_phy_pkg__Slow.cpp"
S  17512896 11643462  1726180374   100946441  1726180374    79577306 "/tools/m_verilator/bin/verilator_bin"
S      3275 11643484  1726180374   648722807  1726180374   648303436 "/tools/m_verilator/share/verilator/include/verilated_std.sv"
S      1151 22168470  1748830742   298635495  1748830742   298635495 "fusesoc_pcie_dllp_receive_1.0.0.vc"
S      4993 22167679  1748830742   215329444  1748828575   178172153 "src/fusesoc_pcie_axis_1.0.0/rtl/arbiter.v"
S     11643 22167678  1748830742   213318612  1748828575   181341950 "src/fusesoc_pcie_axis_1.0.0/rtl/axis_arb_mux.v"
S     21433 22167929  1748830742   217540242  1748828575   197372114 "src/fusesoc_pcie_axis_1.0.0/rtl/axis_fifo.v"
S     10298 22167677  1748830742   211245149  1748828575   217616677 "src/fusesoc_pcie_axis_1.0.0/rtl/axis_register.v"
S      3253 22168320  1748830742   219464131  1748828575   227777220 "src/fusesoc_pcie_axis_1.0.0/rtl/priority_encoder.v"
S      1939 22167934  1748830742   229167806  1748828574   978919669 "src/fusesoc_pcie_bram_1.0.0/bram_dp.sv"
S       976 22168322  1748830742   231011949  1748828574   980147338 "src/fusesoc_pcie_bram_1.0.0/bram_sp.sv"
S      2349 22168450  1748830742   234176252  1748828574   982020568 "src/fusesoc_pcie_crc_1.0.0/Crc16Gen.sv"
S      3614 22168323  1748830742   236084619  1748828574   985882771 "src/fusesoc_pcie_crc_1.0.0/pcie_crc8.v"
S      1882 22168451  1748830742   237901662  1748828574   987244300 "src/fusesoc_pcie_crc_1.0.0/pcie_datalink_crc.sv"
S      2111 22168324  1748830742   240331479  1748828574   988562172 "src/fusesoc_pcie_crc_1.0.0/pcie_dllp_crc8.v"
S      8363 22168452  1748830742   242311083  1748828574   990114967 "src/fusesoc_pcie_crc_1.0.0/pcie_lcrc16.sv"
S     12016 22168325  1748830742   244328881  1748828574   991678221 "src/fusesoc_pcie_crc_1.0.0/pcie_lcrc32.sv"
S      5240 22168463  1748830742   268035503  1748828575    33553104 "src/fusesoc_pcie_dllp_receive_1.0.0/src/axis_user_demux.sv"
S     23583 22168097  1748830742   266041532  1748828575    35226551 "src/fusesoc_pcie_dllp_receive_1.0.0/src/dllp2tlp.sv"
S      8868 22168462  1748830742   264091703  1748830053   564749689 "src/fusesoc_pcie_dllp_receive_1.0.0/src/dllp_fc_update.sv"
S     11540 22168461  1748830742   260198383  1748828575    38075135 "src/fusesoc_pcie_dllp_receive_1.0.0/src/dllp_handler.sv"
S      9423 22168096  1748830742   262245744  1748828575    39385984 "src/fusesoc_pcie_dllp_receive_1.0.0/src/dllp_receive.sv"
S      8066 22168456  1748830742   253270138  1748829743   539777352 "src/fusesoc_pcie_packages_1.0.0/pcie_datalink_pkg.sv"
S     18136 22168095  1748830742   255296786  1748828575    93192989 "src/fusesoc_pcie_packages_1.0.0/pcie_phy_pkg.sv"
S       272 22168326  1748830742   250711065  1748829541   845687739 "waiver.vlt"
