# DESCRIPTION: Verilator output: Timestamp data for --skip-identical.  Delete at will.
C "-f fusesoc_pcie_tb_dllp_receive_1.0.0.vc /home/MSUCAP/idris.somoye/.local/lib/python3.10/site-packages/cocotb/share/lib/verilator/verilator.cpp"
T      6576 22168978  1748834632   175635675  1748834632   175635675 "./Vtop.cpp"
T      4251 22168977  1748834632   174279058  1748834632   174279058 "./Vtop.h"
T      2107 22169388  1748834632   226569930  1748834632   226569930 "./Vtop.mk"
T      1730 22169381  1748834632   173047453  1748834632   173047453 "./Vtop__ConstPool_0.cpp"
T       669 22169380  1748834632   171504623  1748834632   171504623 "./Vtop__Dpi.cpp"
T       520 22169379  1748834632   170817278  1748834632   170817278 "./Vtop__Dpi.h"
T    229296 22168808  1748834632   168635369  1748834632   168635369 "./Vtop__Syms.cpp"
T      5168 22169378  1748834632   169939337  1748834632   169939337 "./Vtop__Syms.h"
T     84902 22169387  1748834632   224759208  1748834632   224759208 "./Vtop__Trace__0.cpp"
T    178007 22168987  1748834632   221834735  1748834632   221834735 "./Vtop__Trace__0__Slow.cpp"
T     91541 22168979  1748834632   178583532  1748834632   178583532 "./Vtop___024root.h"
T      2706 22168984  1748834632   190281423  1748834632   190281423 "./Vtop___024root__DepSet_h84412442__0.cpp"
T      2009 22168982  1748834632   182880726  1748834632   182880726 "./Vtop___024root__DepSet_h84412442__0__Slow.cpp"
T   1222848 22169383  1748834632   211256803  1748834632   211256803 "./Vtop___024root__DepSet_heccd7ead__0.cpp"
T    111186 22168983  1748834632   185979441  1748834632   185979441 "./Vtop___024root__DepSet_heccd7ead__0__Slow.cpp"
T      5641 22169384  1748834632   212469339  1748834632   212469339 "./Vtop___024root__DepSet_heccd7ead__1.cpp"
T     18078 22168981  1748834632   181591353  1748834632   181591353 "./Vtop___024root__Slow.cpp"
T      1798 22168923  1748834632   227376323  1748834632   227376323 "./Vtop__ver.d"
T         0        0  1748834632   227859674  1748834632   227859674 "./Vtop__verFiles.dat"
T      1949 22168988  1748834632   225709034  1748834632   225709034 "./Vtop_classes.mk"
T      1460 22169382  1748834632   180414047  1748834632   180414047 "./Vtop_pcie_datalink_pkg.h"
T       529 22168986  1748834632   216257552  1748834632   216257552 "./Vtop_pcie_datalink_pkg__DepSet_ha8939c09__0__Slow.cpp"
T      1587 22169386  1748834632   215285033  1748834632   215285033 "./Vtop_pcie_datalink_pkg__Slow.cpp"
T       993 22168980  1748834632   179562804  1748834632   179562804 "./Vtop_pcie_phy_pkg.h"
T      1724 22169385  1748834632   214427957  1748834632   214427957 "./Vtop_pcie_phy_pkg__DepSet_h99cb731e__0__Slow.cpp"
T       772 22168985  1748834632   213491872  1748834632   213491872 "./Vtop_pcie_phy_pkg__Slow.cpp"
S  17512896 11643462  1726180374   100946441  1726180374    79577306 "/tools/m_verilator/bin/verilator_bin"
S      3275 11643484  1726180374   648722807  1726180374   648303436 "/tools/m_verilator/share/verilator/include/verilated_std.sv"
S      1131 22168922  1748834631   641560785  1748834631   641560785 "fusesoc_pcie_tb_dllp_receive_1.0.0.vc"
S      4993 22169356  1748834631   557303767  1748828575   178172153 "src/fusesoc_pcie_axis_1.0.0/rtl/arbiter.v"
S     11643 22168807  1748834631   555151640  1748828575   181341950 "src/fusesoc_pcie_axis_1.0.0/rtl/axis_arb_mux.v"
S     21433 22168902  1748834631   559502081  1748828575   197372114 "src/fusesoc_pcie_axis_1.0.0/rtl/axis_fifo.v"
S     10298 22168806  1748834631   552942909  1748828575   217616677 "src/fusesoc_pcie_axis_1.0.0/rtl/axis_register.v"
S      3253 22169357  1748834631   561631897  1748828575   227777220 "src/fusesoc_pcie_axis_1.0.0/rtl/priority_encoder.v"
S      1939 22169360  1748834631   571180196  1748828574   978919669 "src/fusesoc_pcie_bram_1.0.0/bram_dp.sv"
S       976 22168905  1748834631   573169452  1748828574   980147338 "src/fusesoc_pcie_bram_1.0.0/bram_sp.sv"
S      2349 22169362  1748834631   576448595  1748828574   982020568 "src/fusesoc_pcie_crc_1.0.0/Crc16Gen.sv"
S      3614 22168906  1748834631   578496096  1748828574   985882771 "src/fusesoc_pcie_crc_1.0.0/pcie_crc8.v"
S      1882 22169363  1748834631   580640816  1748828574   987244300 "src/fusesoc_pcie_crc_1.0.0/pcie_datalink_crc.sv"
S      2111 22168908  1748834631   582655121  1748828574   988562172 "src/fusesoc_pcie_crc_1.0.0/pcie_dllp_crc8.v"
S      8363 22169364  1748834631   584809625  1748828574   990114967 "src/fusesoc_pcie_crc_1.0.0/pcie_lcrc16.sv"
S     12016 22168909  1748834631   586888682  1748828574   991678221 "src/fusesoc_pcie_crc_1.0.0/pcie_lcrc32.sv"
S      5240 22169371  1748834631   609236364  1748828575    33553104 "src/fusesoc_pcie_dllp_receive_1.0.0/axis_user_demux.sv"
S     23583 22168914  1748834631   607144660  1748828575    35226551 "src/fusesoc_pcie_dllp_receive_1.0.0/dllp2tlp.sv"
S      8868 22168913  1748834631   605111090  1748830053   564749689 "src/fusesoc_pcie_dllp_receive_1.0.0/dllp_fc_update.sv"
S     11540 22168912  1748834631   601204785  1748828575    38075135 "src/fusesoc_pcie_dllp_receive_1.0.0/dllp_handler.sv"
S      9423 22169370  1748834631   603273543  1748828575    39385984 "src/fusesoc_pcie_dllp_receive_1.0.0/dllp_receive.sv"
S      8066 22169368  1748834631   595879570  1748829743   539777352 "src/fusesoc_pcie_packages_1.0.0/pcie_datalink_pkg.sv"
S     18136 22169369  1748834631   597856335  1748828575    93192989 "src/fusesoc_pcie_packages_1.0.0/pcie_phy_pkg.sv"
S       272 22168910  1748834631   593318044  1748829541   845687739 "waiver.vlt"
