# DESCRIPTION: Verilator output: Timestamp data for --skip-identical.  Delete at will.
C "-f fusesoc_pcie_dllp_core_1.0.0.vc /home/MSUCAP/idris.somoye/.local/lib/python3.10/site-packages/cocotb/share/lib/verilator/verilator.cpp"
T      6790 22167571  1748830427    85509599  1748830427    85509599 "./Vtop.cpp"
T      4379 22167570  1748830427    84090024  1748830427    84090024 "./Vtop.h"
T      2107 22167963  1748830427   223975514  1748830427   223975514 "./Vtop.mk"
T      1730 22168078  1748830427    82659760  1748830427    82659760 "./Vtop__ConstPool_0.cpp"
T       669 22167926  1748830427    79921951  1748830427    79921951 "./Vtop__Dpi.cpp"
T       520 22167925  1748830427    79053352  1748830427    79053352 "./Vtop__Dpi.h"
T    596042 22167924  1748830427    76636252  1748830427    76636252 "./Vtop__Syms.cpp"
T     12977 22168076  1748830427    77960907  1748830427    77960907 "./Vtop__Syms.h"
T    219760 22167578  1748830427   221801486  1748830427   221801486 "./Vtop__Trace__0.cpp"
T    419220 22167962  1748830427   215971503  1748830427   215971503 "./Vtop__Trace__0__Slow.cpp"
T    285069 22167572  1748830427    91768449  1748830427    91768449 "./Vtop___024root.h"
T      6251 22167958  1748830427   138935340  1748830427   138935340 "./Vtop___024root__DepSet_h84412442__0.cpp"
T      5067 22167956  1748830427   100877800  1748830427   100877800 "./Vtop___024root__DepSet_h84412442__0__Slow.cpp"
T   1317368 22167574  1748830427   161473194  1748830427   161473194 "./Vtop___024root__DepSet_heccd7ead__0.cpp"
T   1367563 22167573  1748830427   123902605  1748830427   123902605 "./Vtop___024root__DepSet_heccd7ead__0__Slow.cpp"
T   1543242 22167959  1748830427   195069516  1748830427   195069516 "./Vtop___024root__DepSet_heccd7ead__1.cpp"
T    259701 22167957  1748830427   129592045  1748830427   129592045 "./Vtop___024root__DepSet_heccd7ead__1__Slow.cpp"
T    217546 22167960  1748830427   200030793  1748830427   200030793 "./Vtop___024root__DepSet_heccd7ead__2.cpp"
T     50473 22167955  1748830427    95500491  1748830427    95500491 "./Vtop___024root__Slow.cpp"
T      2372 22167580  1748830427   224939430  1748830427   224939430 "./Vtop__ver.d"
T         0        0  1748830427   225533754  1748830427   225533754 "./Vtop__verFiles.dat"
T      2033 22167579  1748830427   223072822  1748830427   223072822 "./Vtop_classes.mk"
T      1460 22168081  1748830427    93521164  1748830427    93521164 "./Vtop_pcie_datalink_pkg.h"
T       533 22167577  1748830427   204060381  1748830427   204060381 "./Vtop_pcie_datalink_pkg__DepSet_ha8939c09__0__Slow.cpp"
T      1587 22167576  1748830427   203108230  1748830427   203108230 "./Vtop_pcie_datalink_pkg__Slow.cpp"
T       993 22168079  1748830427    92639512  1748830427    92639512 "./Vtop_pcie_phy_pkg.h"
T      1724 22167575  1748830427   202206082  1748830427   202206082 "./Vtop_pcie_phy_pkg__DepSet_h99cb731e__0__Slow.cpp"
T       772 22167961  1748830427   201121620  1748830427   201121620 "./Vtop_pcie_phy_pkg__Slow.cpp"
S  17512896 11643462  1726180374   100946441  1726180374    79577306 "/tools/m_verilator/bin/verilator_bin"
S      3275 11643484  1726180374   648722807  1726180374   648303436 "/tools/m_verilator/share/verilator/include/verilated_std.sv"
S      1628 22168075  1748829461   875951234  1748829461   875951234 "fusesoc_pcie_dllp_core_1.0.0.vc"
S      4993 22167533  1748829461   709881573  1748828575   178172153 "src/fusesoc_pcie_axis_1.0.0/rtl/arbiter.v"
S     11643 22167433  1748829461   707434138  1748828575   181341950 "src/fusesoc_pcie_axis_1.0.0/rtl/axis_arb_mux.v"
S     21433 22167434  1748829461   712341702  1748828575   197372114 "src/fusesoc_pcie_axis_1.0.0/rtl/axis_fifo.v"
S     10298 22167532  1748829461   704611026  1748828575   217616677 "src/fusesoc_pcie_axis_1.0.0/rtl/axis_register.v"
S      3253 22167534  1748829461   714728209  1748828575   227777220 "src/fusesoc_pcie_axis_1.0.0/rtl/priority_encoder.v"
S      1939 22167438  1748829461   725876266  1748828574   978919669 "src/fusesoc_pcie_bram_1.0.0/bram_dp.sv"
S       976 22167536  1748829461   728169610  1748828574   980147338 "src/fusesoc_pcie_bram_1.0.0/bram_sp.sv"
S      2349 22167909  1748829461   731807376  1748828574   982020568 "src/fusesoc_pcie_crc_1.0.0/Crc16Gen.sv"
S      3614 22167537  1748829461   733963185  1748828574   985882771 "src/fusesoc_pcie_crc_1.0.0/pcie_crc8.v"
S      1882 22167910  1748829461   736042805  1748828574   987244300 "src/fusesoc_pcie_crc_1.0.0/pcie_datalink_crc.sv"
S      2111 22167439  1748829461   738265449  1748828574   988562172 "src/fusesoc_pcie_crc_1.0.0/pcie_dllp_crc8.v"
S      8363 22167911  1748829461   740425150  1748828574   990114967 "src/fusesoc_pcie_crc_1.0.0/pcie_lcrc16.sv"
S     12016 22167443  1748829461   742551130  1748828574   991678221 "src/fusesoc_pcie_crc_1.0.0/pcie_lcrc32.sv"
S      3516 22168068  1748829461   829812662  1748828574   995814809 "src/fusesoc_pcie_dllp_core_1.0.0/src/pcie_datalink_init.sv"
S     11519 22167563  1748829461   832062327  1748828574   997421692 "src/fusesoc_pcie_dllp_core_1.0.0/src/pcie_datalink_layer.sv"
S     11251 22168069  1748829887   678037489  1748829883    65269435 "src/fusesoc_pcie_dllp_core_1.0.0/src/pcie_flow_ctrl_init.sv"
S      5240 22167921  1748829461   767880038  1748828575    33553104 "src/fusesoc_pcie_dllp_receive_1.0.0/src/axis_user_demux.sv"
S     23583 22167361  1748829461   765773312  1748828575    35226551 "src/fusesoc_pcie_dllp_receive_1.0.0/src/dllp2tlp.sv"
S      8868 22167920  1748830118   228699801  1748830053   564749689 "src/fusesoc_pcie_dllp_receive_1.0.0/src/dllp_fc_update.sv"
S     11540 22167919  1748829461   758959867  1748828575    38075135 "src/fusesoc_pcie_dllp_receive_1.0.0/src/dllp_handler.sv"
S      9423 22167310  1748829461   761098693  1748828575    39385984 "src/fusesoc_pcie_dllp_receive_1.0.0/src/dllp_receive.sv"
S      5494 22167548  1748829461   807690706  1748828575    55183465 "src/fusesoc_pcie_dllp_transmit_1.0.0/src/axis_retry_fifo.sv"
S      8630 22167546  1748829461   803002623  1748828575    56547860 "src/fusesoc_pcie_dllp_transmit_1.0.0/src/dllp_transmit.sv"
S      8368 22167545  1748830425   956594016  1748830311   280734325 "src/fusesoc_pcie_dllp_transmit_1.0.0/src/retry_management.sv"
S      6123 22167544  1748829461   798292784  1748828575    61355025 "src/fusesoc_pcie_dllp_transmit_1.0.0/src/retry_transmit.sv"
S     27999 22167547  1748829461   805439613  1748828575    62768004 "src/fusesoc_pcie_dllp_transmit_1.0.0/src/tlp2dllp.sv"
S      8066 22167445  1748829755   895347476  1748829743   539777352 "src/fusesoc_pcie_packages_1.0.0/pcie_datalink_pkg.sv"
S     18136 22167915  1748829461   753960036  1748828575    93192989 "src/fusesoc_pcie_packages_1.0.0/pcie_phy_pkg.sv"
S       272 22167914  1748830425   940667979  1748829541   845687739 "waiver.vlt"
