# DESCRIPTION: Verilator output: Timestamp data for --skip-identical.  Delete at will.
C "-f fusesoc_pcie_tb_dllp_core_1.0.0.vc /home/MSUCAP/idris.somoye/.local/lib/python3.10/site-packages/cocotb/share/lib/verilator/verilator.cpp"
T      6790 22168845  1748834958   881894893  1748834958   881894893 "./Vtop.cpp"
T      4379 22169003  1748834958   881005557  1748834958   881005557 "./Vtop.h"
T      2107 22169110  1748834959     3095054  1748834959     3095054 "./Vtop.mk"
T      1730 22168839  1748834958   879734413  1748834958   879734413 "./Vtop__ConstPool_0.cpp"
T       669 22168837  1748834958   877186725  1748834958   877186725 "./Vtop__Dpi.cpp"
T       520 22168836  1748834958   876497493  1748834958   876497493 "./Vtop__Dpi.h"
T    596042 22168830  1748834958   874583282  1748834958   874583282 "./Vtop__Syms.cpp"
T     12977 22169002  1748834958   875725608  1748834958   875725608 "./Vtop__Syms.h"
T    219760 22168530  1748834959     1362978  1748834959     1362978 "./Vtop__Trace__0.cpp"
T    419220 22168529  1748834958   996194269  1748834958   996194269 "./Vtop__Trace__0__Slow.cpp"
T    285069 22169004  1748834958   887737291  1748834958   887737291 "./Vtop___024root.h"
T      6251 22168849  1748834958   932410000  1748834958   932410000 "./Vtop___024root__DepSet_h84412442__0.cpp"
T      5067 22168936  1748834958   896468800  1748834958   896468800 "./Vtop___024root__DepSet_h84412442__0__Slow.cpp"
T   1317368 22169108  1748834958   953015759  1748834958   953015759 "./Vtop___024root__DepSet_heccd7ead__0.cpp"
T   1367559 22168848  1748834958   918691959  1748834958   918691959 "./Vtop___024root__DepSet_heccd7ead__0__Slow.cpp"
T   1543242 22168523  1748834958   977188180  1748834958   977188180 "./Vtop___024root__DepSet_heccd7ead__1.cpp"
T    259701 22168937  1748834958   924039852  1748834958   924039852 "./Vtop___024root__DepSet_heccd7ead__1__Slow.cpp"
T    217534 22168524  1748834958   981760302  1748834958   981760302 "./Vtop___024root__DepSet_heccd7ead__2.cpp"
T     50473 22168935  1748834958   891272890  1748834958   891272890 "./Vtop___024root__Slow.cpp"
T      2323 22168531  1748834959     3863842  1748834959     3863842 "./Vtop__ver.d"
T         0        0  1748834959     4326090  1748834959     4326090 "./Vtop__verFiles.dat"
T      2033 22169394  1748834959     2293399  1748834959     2293399 "./Vtop_classes.mk"
T      1460 22168847  1748834958   889382842  1748834958   889382842 "./Vtop_pcie_datalink_pkg.h"
T       533 22168528  1748834958   984969678  1748834958   984969678 "./Vtop_pcie_datalink_pkg__DepSet_ha8939c09__0__Slow.cpp"
T      1587 22169109  1748834958   984194735  1748834958   984194735 "./Vtop_pcie_datalink_pkg__Slow.cpp"
T       993 22168846  1748834958   888597388  1748834958   888597388 "./Vtop_pcie_phy_pkg.h"
T      1724 22168526  1748834958   983457813  1748834958   983457813 "./Vtop_pcie_phy_pkg__DepSet_h99cb731e__0__Slow.cpp"
T       772 22168525  1748834958   982673034  1748834958   982673034 "./Vtop_pcie_phy_pkg__Slow.cpp"
S  17512896 11643462  1726180374   100946441  1726180374    79577306 "/tools/m_verilator/bin/verilator_bin"
S      3275 11643484  1726180374   648722807  1726180374   648303436 "/tools/m_verilator/share/verilator/include/verilated_std.sv"
S      1576 22168505  1748834957   946928291  1748834957   946928291 "fusesoc_pcie_tb_dllp_core_1.0.0.vc"
S      4993 22168813  1748834699   350579600  1748828575   178172153 "src/fusesoc_pcie_axis_1.0.0/rtl/arbiter.v"
S     11643 22169237  1748834699   348516075  1748828575   181341950 "src/fusesoc_pcie_axis_1.0.0/rtl/axis_arb_mux.v"
S     21433 22169238  1748834699   352702049  1748828575   197372114 "src/fusesoc_pcie_axis_1.0.0/rtl/axis_fifo.v"
S     10298 22168812  1748834699   346386272  1748828575   217616677 "src/fusesoc_pcie_axis_1.0.0/rtl/axis_register.v"
S      3253 22168814  1748834699   354699430  1748828575   227777220 "src/fusesoc_pcie_axis_1.0.0/rtl/priority_encoder.v"
S      1939 22169240  1748834699   361722041  1748828574   978919669 "src/fusesoc_pcie_bram_1.0.0/bram_dp.sv"
S       976 22168815  1748834699   363948915  1748828574   980147338 "src/fusesoc_pcie_bram_1.0.0/bram_sp.sv"
S      2349 22169242  1748834699   367192792  1748828574   982020568 "src/fusesoc_pcie_crc_1.0.0/Crc16Gen.sv"
S      3614 22168816  1748834699   369167596  1748828574   985882771 "src/fusesoc_pcie_crc_1.0.0/pcie_crc8.v"
S      1882 22169243  1748834699   371152496  1748828574   987244300 "src/fusesoc_pcie_crc_1.0.0/pcie_datalink_crc.sv"
S      2111 22168817  1748834699   373205750  1748828574   988562172 "src/fusesoc_pcie_crc_1.0.0/pcie_dllp_crc8.v"
S      8363 22169244  1748834699   375249930  1748828574   990114967 "src/fusesoc_pcie_crc_1.0.0/pcie_lcrc16.sv"
S     12016 22168818  1748834699   377425079  1748828574   991678221 "src/fusesoc_pcie_crc_1.0.0/pcie_lcrc32.sv"
S      3516 22168829  1748834957   923559818  1748828574   995814809 "src/fusesoc_pcie_dllp_core_1.0.0/pcie_datalink_init.sv"
S     11519 22169393  1748834957   926247992  1748828574   997421692 "src/fusesoc_pcie_dllp_core_1.0.0/pcie_datalink_layer.sv"
S     11251 22168522  1748834957   928765997  1748829883    65269435 "src/fusesoc_pcie_dllp_core_1.0.0/pcie_flow_ctrl_init.sv"
S      5240 22169252  1748834699   400924307  1748828575    33553104 "src/fusesoc_pcie_dllp_receive_1.0.0/axis_user_demux.sv"
S     23583 22168822  1748834699   398988696  1748828575    35226551 "src/fusesoc_pcie_dllp_receive_1.0.0/dllp2tlp.sv"
S      8868 22169251  1748834699   396817254  1748830053   564749689 "src/fusesoc_pcie_dllp_receive_1.0.0/dllp_fc_update.sv"
S     11540 22169250  1748834699   392366023  1748828575    38075135 "src/fusesoc_pcie_dllp_receive_1.0.0/dllp_handler.sv"
S      9423 22168821  1748834699   394724755  1748828575    39385984 "src/fusesoc_pcie_dllp_receive_1.0.0/dllp_receive.sv"
S      5494 22168999  1748834737   222826375  1748828575    55183465 "src/fusesoc_pcie_dllp_transmit_1.0.0/axis_retry_fifo.sv"
S      8630 22168827  1748834737   218122044  1748828575    56547860 "src/fusesoc_pcie_dllp_transmit_1.0.0/dllp_transmit.sv"
S      8368 22168996  1748834737   215767596  1748830311   280734325 "src/fusesoc_pcie_dllp_transmit_1.0.0/retry_management.sv"
S      6123 22168826  1748834737   213111709  1748828575    61355025 "src/fusesoc_pcie_dllp_transmit_1.0.0/retry_transmit.sv"
S     27999 22168997  1748834737   220619844  1748828575    62768004 "src/fusesoc_pcie_dllp_transmit_1.0.0/tlp2dllp.sv"
S      8066 22169248  1748834699   386807527  1748829743   539777352 "src/fusesoc_pcie_packages_1.0.0/pcie_datalink_pkg.sv"
S     18136 22168820  1748834699   388744174  1748828575    93192989 "src/fusesoc_pcie_packages_1.0.0/pcie_phy_pkg.sv"
S       272 22168819  1748834957   917533044  1748829541   845687739 "waiver.vlt"
